11556
23674
77288
30924
63702
62605
47495
63702
60772
41728
53443
43457
60772
67650
80940
48739
62608
14863
50428
12515
38710
63960
83798
95974
48396
63702
21245
60225
33783
60355
38710
64237
40993
11247
33183
77319
81452
65995
48739
82639
67299
57990
86925
39861
68293
33218
15372
44772
77732
55633
82878
30924
57990
99680
11247
49423
17577
62967
11247
13865
37707
76913
67650
57609
33783
53452
67910
38710
18077
31621
89642
33783
36377
86925
67650
88880
63702
62840
33783
11247
53061
63960
61045
38142
81982
33218
38090
50656
57990
86925
47991
96229
28042
96905
36740
85201
26837
89993
81337
52652
95857
23357
91889
60225
55027
92951
36269
21611
61641
86925
62605
21611
68731
33783
47062
47991
32805
96279
81452
49067
22549
43457
33503
63960
33555
99239
21611
80530
72409
15281
96229
94652
60225
72702
38803
32822
67650
66111
40993
30924
93513
38142
13865
96905
86925
67650
30924
76125
86181
56515
81452
82195
47969
10740
43457
59898
60225
99239
61804
94607
57990
76849
89296
26837
90643
12950
99728
26837
94358
62605
13865
21611
21611
69673
40954
25848
66574
15777
92817
33783
33713
97325
78921
37764
75180
47495
38333
42676
68802
96905
21756
41330
91479
81197
28939
26837
54251
33218
48739
85477
35343
81197
57990
92182
66451
89158
86925
58727
38200
21611
27800
38115
16072
13865
23928
25225
58299
60225
86925
79543
93612
46154
93612
33783
43554
57334
63702
63702
21925
19906
19319
62605
81197
67650
86925
54935
30924
38710
86925
43262
69197
38710
26837
88069
57921
38142
60772
40993
30538
63247
11247
81452
96229
40392
59424
81197
64276
44879
86126
37764
93822
38142
57290
76837
86925
30880
77275
29581
30659
33783
33707
15281
47991
38142
63702
42097
78314
20189
45423
21611
89889
18585
38142
74641
47495
79115
39701
37764
96311
30659
86925
99239
98205
11955
93612
34772
83183
21756
11247
30538
50082
82923
50033
97846
79961
21580
62605
71346
21580
16779
93082
45082
57403
39275
63960
13865
40494
60772
75759
96905
33938
63310
81452
13228
73495
90952
28133
73967
69333
89761
13099
89172
21687
40993
62605
94587
79932
85487
30659
52407
57021
63702
81197
38658
99239
24944
62605
14654
49151
37942
85550
35104
40993
57990
26837
60225
26403
87810
13865
81452
13865
75263
14620
97975
43457
16625
76517
74084
24647
50855
21580
30924
40993
35194
47107
60772
84318
77712
60772
33783
54880
39337
40993
86925
60772
92825
51248
74861
67061
34083
35840
78427
63494
63960
20115
52940
81197
62605
30659
60225
80683
96905
38142
48739
57324
27878
35343
18174
67650
59561
94017
99239
26837
26837
96905
64189
89498
15916
64893
93612
81197
99788
86925
17478
67650
33783
62605
58770
91694
25712
54935
80755
94914
82641
81452
27519
23721
93461
63498
77958
86925
96905
71892
63702
77222
60772
43691
26837
62605
98623
26837
95000
38142
56112
67650
38710
38142
82868
60225
84307
11247
21756
32097
56108
95179
14992
47495
30659
47495
30659
20474
37764
82164
68532
21756
54935
21580
62605
86925
98063
30538
28042
23181
96905
45834
48739
26837
65487
13865
67650
25692
96229
57990
12206
13255
77986
38710
66679
20252
96905
26837
37764
50172
78353
62033
12483
10666
64616
93612
20993
38142
33783
60772
15301
48739
30924
63702
34362
93612
96905
30538
17294
70423
64283
14988
67650
74134
21648
99239
30924
66131
38142
21611
64964
75382
35346
46895
87784
41837
96905
21611
21815
62605
81530
63702
28460
60225
40993
40365
48739
12925
37764
87307
47495
54935
93612
59552
32462
15281
30924
94119
83149
68570
63702
30538
30614
60225
60225
40337
19838
33886
60296
75032
89344
68223
11247
71637
85526
67650
42123
96229
21611
30538
93612
89479
37764
21076
60772
26850
66713
94570
95982
40993
67650
47991
54750
30924
72807
24034
40993
25447
84749
38142
37764
37764
69425
41712
30659
13247
63702
85421
96905
67650
54935
47495
76229
67014
72358
63726
93612
68967
48739
18975
64078
14730
99239
11247
33783
47495
91427
47495
96905
27302
40024
85355
66193
11247
70372
83755
13530
10536
21580
79909
96905
33104
11247
33218
64351
25447
80756
33783
47495
81452
19077
25447
80090
33783
36996
63702
96229
64645
46150
60772
15281
62605
63960
40993
72178
63702
33783
30659
23376
80281
93612
12287
71962
29122
77167
96052
62639
37119
10601
48018
11247
63702
45862
37518
28757
58066
67650
22466
73928
85075
96905
84994
67650
63960
93612
67650
76889
62536
25428
88617
67650
25848
53998
55795
62605
42683
12949
54593
30538
25447
10552
13865
47495
15402
38142
96087
26837
62605
70767
11247
21580
68306
38710
36604
39860
67650
80557
67650
75404
65293
86574
98352
81452
62605
21611
37764
98074
60772
22422
33582
62469
30114
96666
26837
62605
41088
33783
61250
33218
13865
26837
21611
61336
30538
29523
54398
60256
54221
27328
38142
93612
77527
13865
86925
77128
58912
86797
55659
93494
21611
60772
60772
36225
96905
46836
90137
47495
60225
26837
77384
95442
63702
43732
78882
30659
63960
23250
30924
76007
45599
14578
49606
60225
81197
93612
74576
48739
65857
30045
21611
30924
31019
40993
93612
33218
15281
15281
46074
15086
53216
55577
37764
19328
64463
71652
30924
37520
73595
99239
49136
21611
42592
33783
53594
36790
14739
35483
60772
87246
40993
79340
26574
48739
49360
21580
50944
62605
74779
60225
60772
94550
33783
71738
78706
93612
37754
44683
75616
34521
29727
40993
74431
30538
30778
47991
78908
96229
99496
60225
96905
26837
99239
60225
25069
61662
46554
73260
74063
60772
49941
86925
49617
63702
23436
91300
93612
63960
11333
36920
74684
21611
56286
44366
62605
30538
94665
30924
98532
38764
19341
25447
38710
62605
96905
30580
99272
76224
85765
99239
30538
57990
60739
99239
91218
14364
26090
99207
99239
34833
99865
97554
47495
30538
89131
40838
21580
35819
60566
88748
19083
41135
38710
80507
67050
14323
88625
29928
32934
68073
71257
21611
47014
47495
43171
27922
70597
96082
11247
99956
55068
98162
13865
38142
26837
60225
98873
30924
96016
41899
58039
65959
27187
93612
50535
79719
65662
57990
21580
28042
30659
10422
13865
18219
13804
87046
64178
85608
40522
96905
30924
67359
63702
26837
44819
63960
30538
21574
63960
48107
87321
25447
11247
55811
83446
80213
86925
21611
26952
17166
29638
43522
27157
39341
97910
15281
43457
11247