77710
22632
82229
35788
84000
28350
15185
59530
38142
53694
38645
14632
54935
80251
45254
92045
88570
36464
15072
47732
66594
49622
38988
80235
66138
24678
89750
49637
66174
31929
86217
63702
10029
18724
86376
38846
71807
95125
14313
43968
95579
34700
95295
77804
23393
16675
86282
23383
93238
48968
13865
94041
58961
95054
38556
49445
12517
16458
70240
70209
44469
44143
40530
77107
52160
21898
60672
78399
65701
44093
10717
61143
46421
25600
71610
84942
18709
35967
59430
99613
21285
45961
64708
18663
24076
65173
99985
54288
45599
71134
21756
61585
30625
20187
53557
97635
74537
47344
23434
22578
64334
31984
19285
89380
68178
60534
92947
19390
36751
46265
64682
82939
62893
80218
82578
38606
64066
73995
59980
35206
63735
69054
39028
47551
23082
46069
25862
29188
80159
89316
54325
20285
70669
38999
85965
29799
59668
51559
13066
83004
10791
49496
73531
69050
69139
38483
30305
81076
15160
16189
22900
73271
45974
36115
59422
85666
82750
40947
75465
54504
62259
61506
93497
86487
41882
88793
39763
93555
12393
74543
88378
50221
27299
11114
65791
83752
18745
74882
48692
44362
61242
75950
57627
27136
39092
57990
61045
92827
24438
47626
37175
73009
96229
11873
25332
93039
44499
19265
31294
21611
47571
41758
89804
48279
94594
57016
17266
81813
13336
94562
38748
43566
33641
32705
91130
25131
36909
42651
15671
55940
54192
35033
45535
67381
19212
61797
31432
67624
68653
68954
59967
92360
62287
45573
36328
61960
52269
29735
17036
41095
78536
66416
16855
34731
87905
94906
51691
23074
21975
98269
18510
75157
81502
42393
33218
27267
79787
93536
48011
31968
29136
31415
82576
52268
92810
72140
53488
92207
87280
37835
13844
36050
99005
28786
47468
25603
26727
49976
62921
52044
17790
88780
34331
67726
57916
63452
78967
94997
42030
60590
78384
92241
51851
35112
94174
56105
82931
85755
41762
29979
64165
70021
59604
13201
50277
50619
64368
83879
27839
26011
69345
41187
24601
89017
13283
31256
78623
39962
77663
26038
73316
92999
70166
76098
14891
28141
39299
15281
64842
95559
17538
76799
22138
49158
33693
55981
83142
21077
23175
80364
42472
29236
14255
38418
51859
45882
61324
61841
80388
29747
72476
16252
29781
44328
54660
59197
39215
29033
74751
11363
45067
69924
58362
99338
75898
96905
70983
14236
96360
86881
26274
40600
58564
99226
87750
97441
35567
21972
78537
67606
87472
40590
65012
34228
67523
59292
58678
84088
15637
84670
65027
36693
13907
21482
93441
52171
19489
15078
83077
63960
46050
38700
63198
41302
68920
45369
80613
42072
72266
33109
27044
58397
99287
75188
35603
72118
52217
22261
47554
37504
37585
57160
58979
86068
30924
91757
41612
49882
58123
19042
74025
72215
59251
51699
38983
52780
19446
44414
10848
13269
55135
94862
61608
32466
73641
88895
30659
79642
14338
64448
56553
40861
27892
66064
27121
47531
25848
14271
10228
87793
47175
17169
27721
92418
66355
44735
56507
28974
25283
49106
61397
57660
95424
10121
49037
16018
54171
80053
54412
43192
53374
65521
95061
94014
24774
28399
97698
46147
84884
52030
93282
79313
58667
47096
87391
99072
50703
87988
71641
59311
71220
67650
59553
31948
34761
87610
31841
94372
60219
22359
97102
77624
24951
37488
11723
39666
32108
83851
96210
86925
45896
65334
72470
30711
41405
43167
96945
86918
73197
12883
68421
52765
90834
45258
47579
32277
71673
37595
48519
29412
96414
61644
81808
30538
34537
93380
87906
10146
47991
67034
83743
10147
26378
40198
67130
83983
72931
95192
95378
96684
95810
84753
40769
17455
81452
10731
45236
86568
23497
51480
13760
45686
96295
76955
45913
87186
31427
55276
38894
21981
22349
57614
94900
66311
55885
50423
26215
48434
40955
39151
70875
27665
18538
13492
70499
77683
67747
71323
59706
38778
87807
70172
26837
23133
64159
52185
76687
63845
35561
43934
40181
32289
65398
71139
73790
45466
58332
61971
69121
39542
22484
55587
60432
94726
24284
14909
90684
32649
65137
77217
21116
83895
96601
55754
79944
16002
90129
30213
78641
63174
14543
90871
85852
34592
10211
97542
54594
63461
28007
99493
37563
81527
84654
18992
24263
69870
72716
97138
52068
29147
37530
33783
74846
16825
35345
69248
62605
48393
18517
83254
79495
66124
78999
96072
23506
28042
37764
27239
67379
50343
65800
73545
26147
11703
12981
10852
28206
98061
83811
23862
76612
10665
30081
63962
76010
27403
90077
74068
59069
48585
26308
94927
16522
42895
23882
88312
93856
37116
78120
79015
60074
41372
92369
46454
90499
95683
26207
41663
45778
82536
73671
90830
98755
40667
68269
27166
52502
90650
60073
82795
93494
61210
65316
31264
77373
30739
85346
66664
99662
29578
57246
29093
59393
69790
33276
80189
66119
19784
81184
35076
67704
48739
55762
89013
37137
88909
32196
86724
17981
56448
80823
83300
88026
58336
65810
24714
17929
11327
55034
44769
13322
64372
36477
23642
55724
26667
45210
11247
78918
13992
41326
47903
35926
27221
98695
93775
97744
81628
60225
36543
98904
79272
91916
21068
44525
26951
85562
79077
91418
64125
25949
36366
51836
59493
14600
51609
56673
85240
89574
30058
29464
94282
28521
85293
71182
14518
60810
44155
50352
81271
56005
93426
48196
80048
99240
20530
60772
43174
69363
77407
37644
86726
98832
26660
67933
74474
62414
20524
57665
49993
39330
95735
54490
42736
18812
83965
96638
75468
23757
69579
98297
49322
34698
99972
52254
85235
65740
52565
33052
60013
83067
85558
27244
72402
91813
65555
35968
53737
70451
78329
55609
12781
66272
16118
26033
48390
30003
41542
76570
67639
63930
22066
83376
16104
35185
95216
22605
80979
14635
83619
92781
78861
62770
39746
93612
44092
77918
80257
17590
68229
54001
97469
37205
69048
14872
48571
23974
38710
31301
68179
67300
33247
21580
74274
20411
40542
67917
99902
40993
97436
23800
86595
78666
47495
98215
22482
77086
53308
75294
82489
49093
96378
37250
16009
64164
69019
63457
50592
46024
49667
40856
42134
26021
20318
71497
43457
91041
16291
25447
79232
61697
46796
12977
62416
13416
61371
89884
62007
97904
69865
10288
71558
55800
23853
20471
20564
44027
46965
76735
95328
43478
26456
53931
81197
18024
34943
15279
91142
46127
31830
17905
35343
75727
77205
62962
79177
33599
18797
84721
50446
68889
91051
35127
99239
99122
29947
21459
22063
63297
42167